function [temp] = cargarTempInvierno(filename)

temp = [ ...
    8.1082; ...
    8.1402; ...
    8.4286; ...
    8.10825; ...
    7.9804; ...
    7.8527; ...
    7.5979; ...
    7.6615; ...
    7.4073; ...
    6.99555; ...
    6.7115; ...
    6.45985; ...
    6.3342; ...
    5.92725; ...
    5.771; ...
    5.77105; ...
    5.7087; ...
    5.67765; ...
    5.5219; ...
    5.61525; ...
    5.6464; ...
    5.4597; ...
    5.6464; ...
    5.67755; ...
    5.5841; ...
    5.8023; ...
    5.7087; ...
    5.61525; ...
    5.5219; ...
    5.27355; ...
    4.9637; ...
    5.21135; ...
    5.5219; ...
    6.27175; ...
    6.9639; ...
    7.59825; ...
    8.3644; ...
    9.10525; ...
    9.9814; ...
    10.6692; ...
    11.361; ...
    12.15855; ...
    12.8947; ...
    13.56905; ...
    14.2478; ...
    14.69175; ...
    15.3436; ...
    15.827; ...
    16.3122; ...
    17.08; ...
    17.2901; ...
    17.57125; ...
    17.9236; ...
    17.95895; ...
    18.2772; ...
    18.7031; ...
    18.7743; ...
    19.1309; ...
    19.4885; ...
    19.34535; ...
    18.7743; ...
    19.20235; ...
    19.3453; ...
    18.63225; ...
    18.561; ...
    18.2778; ...
    16.8699; ...
    15.86185; ...
    15.6194; ...
    14.93215; ...
    13.9757; ...
    12.6602; ...
    12.0915; ...
    11.4272; ...
    11.2949; ...
    11.0308; ...
    10.6359; ...
    10.21005; ...
    9.9814; ...
    10.01405; ...
    10.5047; ...
    10.50475; ...
    10.5703; ...
    10.6361; ...
    10.6359; ...
    10.4392; ...
    10.112; ...
    9.33155; ...
    9.2666; ...
    9.29895; ...
    9.851; ...
    10.01415; ...
    9.7859; ...
    9.9488; ...
    9.7859; ...
    9.3314; ...
];

temp = temp';