function [vVel, temp] = cargarVelocidadVientoInvierno()

vVel = [ ...
    11.6994; ... 
    11.7614; ... 
    11.4856; ... 
    10.847; ... 
    11.1139; ... 
    10.6781; ... 
    10.3797; ... 
    10.55015; ... 
    10.3728; ... 
    10.7097; ... 
    11.1652; ... 
    11.3243; ... 
    11.2759; ... 
    11.0036; ... 
    10.7615; ... 
    10.3688; ... 
    10.7121; ... 
    10.41785; ... 
    9.8683; ... 
    10.4556; ... 
    10.7615; ... 
    11.41525; ... 
    11.012; ... 
    11.3811; ... 
    10.2509; ... 
    10.41395; ... 
    10.6419; ... 
    10.68475; ... 
    10.4549; ... 
    10.439; ... 
    9.8813; ... 
    10.1885; ... 
    10.614; ... 
    10.5518; ... 
    10.6419; ... 
    10.4343; ... 
    10.2712; ... 
    9.60565; ... 
    8.975; ... 
    8.99845; ... 
    8.8239; ... 
    8.47545; ... 
    7.7411; ... 
    7.2719; ... 
    6.3841; ... 
    6.2762; ... 
    6.1583; ... 
    6.17625; ... 
    6.0176; ... 
    5.6142; ... 
    5.5974; ... 
    4.69975; ... 
    3.7255; ... 
    3.4444; ... 
    3.8742; ... 
    3.2916; ... 
    4.421; ... 
    4.05835; ... 
    4.3438; ... 
    5.2078; ... 
    5.9408; ... 
    5.5821; ... 
    5.4424; ... 
    6.74895; ... 
    6.6616; ... 
    6.0129; ... 
    5.5193; ... 
    5.42865; ... 
    5.798; ... 
    5.81845; ... 
    6.3472; ... 
    6.68405; ... 
    7.3782; ... 
    7.87805; ... 
    8.1439; ... 
    8.48; ... 
    8.463; ... 
    9.2432; ... 
    9.5816; ... 
    9.60685; ... 
    9.1766; ... 
    8.85165; ... 
    9.9462; ... 
    10.517; ... 
    8.9399; ... 
    7.5823; ... 
    6.9292; ... 
    7.0218; ... 
    8.5073; ... 
    8.66975; ... 
    8.9107; ... 
    8.7209; ... 
    8.4409; ... 
    9.6327; ... 
    7.7311; ... 
    8.13785; ... 
];

temp = [ ...
    8.1082; ...
    8.1402; ...
    8.4286; ...
    8.10825; ...
    7.9804; ...
    7.8527; ...
    7.5979; ...
    7.6615; ...
    7.4073; ...
    6.99555; ...
    6.7115; ...
    6.45985; ...
    6.3342; ...
    5.92725; ...
    5.771; ...
    5.77105; ...
    5.7087; ...
    5.67765; ...
    5.5219; ...
    5.61525; ...
    5.6464; ...
    5.4597; ...
    5.6464; ...
    5.67755; ...
    5.5841; ...
    5.8023; ...
    5.7087; ...
    5.61525; ...
    5.5219; ...
    5.27355; ...
    4.9637; ...
    5.21135; ...
    5.5219; ...
    6.27175; ...
    6.9639; ...
    7.59825; ...
    8.3644; ...
    9.10525; ...
    9.9814; ...
    10.6692; ...
    11.361; ...
    12.15855; ...
    12.8947; ...
    13.56905; ...
    14.2478; ...
    14.69175; ...
    15.3436; ...
    15.827; ...
    16.3122; ...
    17.08; ...
    17.2901; ...
    17.57125; ...
    17.9236; ...
    17.95895; ...
    18.2772; ...
    18.7031; ...
    18.7743; ...
    19.1309; ...
    19.4885; ...
    19.34535; ...
    18.7743; ...
    19.20235; ...
    19.3453; ...
    18.63225; ...
    18.561; ...
    18.2778; ...
    16.8699; ...
    15.86185; ...
    15.6194; ...
    14.93215; ...
    13.9757; ...
    12.6602; ...
    12.0915; ...
    11.4272; ...
    11.2949; ...
    11.0308; ...
    10.6359; ...
    10.21005; ...
    9.9814; ...
    10.01405; ...
    10.5047; ...
    10.50475; ...
    10.5703; ...
    10.6361; ...
    10.6359; ...
    10.4392; ...
    10.112; ...
    9.33155; ...
    9.2666; ...
    9.29895; ...
    9.851; ...
    10.01415; ...
    9.7859; ...
    9.9488; ...
    9.7859; ...
    9.3314; ...
];