function [vVel, temp] = cargarVelocidadVientoVerano()

vVel = [ ...
    8.8354; ... 
    8.6445; ... 
    8.1492; ... 
    8.034; ... 
    8.1333; ... 
    8.21075; ... 
    8.4465; ... 
    8.8445; ... 
    9.3646; ... 
    9.08205; ... 
    8.6414; ... 
    7.7397; ... 
    7.383; ... 
    7.44555; ... 
    7.701; ... 
    7.9917; ... 
    7.7512; ... 
    7.55005; ... 
    7.6413; ... 
    7.49655; ... 
    7.5378; ... 
    7.51695; ... 
    7.4166; ... 
    7.1668; ... 
    7.2408; ... 
    6.8219; ... 
    6.0291; ... 
    5.7559; ... 
    5.4528; ... 
    4.84315; ... 
    4.5024; ... 
    4.95585; ... 
    5.6442; ... 
    5.328; ... 
    4.6555; ... 
    4.5282; ... 
    4.1391; ... 
    4.26785; ... 
    4.2388; ... 
    4.14305; ... 
    4.215; ... 
    3.80335; ... 
    3.5042; ... 
    2.54015; ... 
    2.9514; ... 
    2.005; ... 
    2.3132; ... 
    1.5799; ... 
    2.2677; ... 
    3.02655; ... 
    2.5002; ... 
    2.82675; ... 
    3.8549; ... 
    4.5873; ... 
    4.4266; ... 
    5.25655; ... 
    5.4598; ... 
    5.17705; ... 
    6.258; ... 
    6.07785; ... 
    6.25; ... 
    6.78685; ... 
    7.3116; ... 
    7.1479; ... 
    7.2832; ... 
    7.4823; ... 
    7.6661; ... 
    7.33825; ... 
    7.3401; ... 
    7.48465; ... 
    7.5476; ... 
    7.314; ... 
    6.5846; ... 
    7.0295; ... 
    7.6363; ... 
    7.77935; ... 
    7.6512; ... 
    7.24835; ... 
    8.6923; ... 
    7.547; ... 
    7.1292; ... 
    8.7708; ... 
    8.7722; ... 
    8.53605; ... 
    8.5629; ... 
    8.7883; ... 
    8.9516; ... 
    8.5666; ... 
    8.7779; ... 
    9.3758; ... 
    9.7271; ... 
    9.2176; ... 
    9.1288; ... 
    9.08235; ... 
    9.5942; ... 
    9.50675; ... 
];

temp = [ ...
    21.0769; ...
    20.89525; ...
    20.8589; ...
    20.569; ...
    20.2798; ...
    19.9195; ...
    19.6319; ...
    19.6319; ...
    19.6319; ...
    19.6319; ...
    19.5602; ...
    19.3811; ...
    19.2022; ...
    18.70315; ...
    18.7743; ...
    18.3836; ...
    18.0649; ...
    17.8883; ...
    17.6415; ...
    17.2551; ...
    16.9398; ...
    17.0447; ...
    17.0097; ...
    16.8; ...
    16.8699; ...
    17.4309; ...
    18.3481; ...
    18.88115; ...
    19.5602; ...
    20.35225; ...
    20.9316; ...
    21.47805; ...
    22.1001; ...
    22.6894; ...
    23.2072; ...
    23.6163; ...
    24.2507; ...
    24.85155; ...
    25.153; ...
    25.87275; ...
    26.1389; ...
    26.71165; ...
    27.0566; ...
    27.5954; ...
    28.1367; ...
    28.2534; ...
    28.6806; ...
    28.8755; ...
    29.3837; ...
    29.2271; ...
    29.7762; ...
    29.77615; ...
    30.3279; ...
    29.46215; ...
    29.3837; ...
    28.95355; ...
    29.1489; ...
    28.95355; ...
    28.8365; ...
    28.9145; ...
    29.1489; ...
    28.9927; ...
    28.9926; ...
    28.9145; ...
    28.9145; ...
    28.64165; ...
    28.4472; ...
    28.17545; ...
    27.827; ...
    27.7112; ...
    27.5181; ...
    27.4412; ...
    27.3641; ...
    27.3642; ...
    27.0566; ...
    26.86475; ...
    26.4439; ...
    25.9486; ...
    25.6828; ...
    25.0404; ...
    23.8769; ...
    23.6532; ...
    23.133; ...
    22.65225; ...
    22.4679; ...
    22.3207; ...
    22.3207; ...
    22.02685; ...
    21.5143; ...
    21.2954; ...
    21.2954; ...
    21.1133; ...
    20.8589; ...
    20.9679; ...
    20.7139; ...
    20.35205; ...
];