function [P_mec, n_] = p_mecN_(filename)

P_mec = [ ...
	0.1891; ...
	0.192; ...
	0.1794; ...
	0.1511; ...
	0.1628; ...
	0.1438; ...
	0.1312; ...
	0.1383; ...
	0.1309; ...
	0.1451; ...
	0.165; ...
	0.1721; ...
	0.17; ...
	0.1579; ...
	0.1474; ...
	0.1307; ...
	0.1452; ...
	0.1328; ...
	0.1104; ...
	0.1343; ...
	0.1474; ...
	0.1762; ...
	0.1583; ...
	0.1747; ...
	0.1258; ...
	0.1326; ...
	0.1422; ...
	0.1441; ...
	0.1343; ...
	0.1336; ...
	0.1109; ...
	0.1233; ...
	0.141; ...
	0.1384; ...
	0.1422; ...
	0.1334; ...
	0.1267; ...
	0.1002; ...
	0.0857; ...
	0.0864; ...
	0.0815; ...
	0.0722; ...
	0.055; ...
	0.0456; ...
	0.0309; ...
	0.0293; ...
	0.0277; ...
	0.0279; ...
	0.0258; ...
	0.021; ...
	0.0208; ...
	0; ...
	0; ...
	0; ...
	0; ...
	0; ...
	0; ...
	0; ...
	0; ...
	0.0167; ...
	0.0249; ...
	0.0206; ...
	0.0191; ...
	0.0365; ...
	0.0351; ...
	0.0258; ...
	0.0199; ...
	0.019; ...
	0.0231; ...
	0.0234; ...
	0.0303; ...
	0.0354; ...
	0.0476; ...
	0.058; ...
	0.064; ...
	0.0723; ...
	0.0719; ...
	0.0936; ...
	0.0993; ...
	0.1003; ...
	0.0916; ...
	0.0822; ...
	0.1135; ...
	0.1369; ...
	0.0847; ...
	0.0517; ...
	0.0395; ...
	0.0411; ...
	0.073; ...
	0.0773; ...
	0.0839; ...
	0.0786; ...
	0.0713; ...
	0.1012; ...
	0.0548; ...
	0.0639 ...
];

n_ = [ ...
	-0.08; ...
	-0.08; ...
	-0.08; ...
	-0.08; ...
	-0.08; ...
	-0.08; ...
	-0.08; ...
	-0.08; ...
	-0.08; ...
	-0.08; ...
	-0.08; ...
	-0.08; ...
	-0.08; ...
	-0.08; ...
	-0.08; ...
	-0.08; ...
	-0.08; ...
	-0.08; ...
	-0.08; ...
	-0.08; ...
	-0.08; ...
	-0.08; ...
	-0.08; ...
	-0.08; ...
	-0.08; ...
	-0.08; ...
	-0.08; ...
	-0.08; ...
	-0.08; ...
	-0.08; ...
	-0.08; ...
	-0.08; ...
	-0.08; ...
	-0.08; ...
	-0.08; ...
	-0.08; ...
	-0.08; ...
	-0.08; ...
	0.1327; ...
	0.1304; ...
	0.1473; ...
	0.1809; ...
	0.2519; ...
	0.2973; ...
	0.383; ...
	0.3935; ...
	0.4049; ...
	0.4031; ...
	0.4185; ...
	0.4574; ...
	0.4591; ...
	0; ...
	0; ...
	0; ...
	0; ...
	0; ...
	0; ...
	0; ...
	0; ...
	0.4967; ...
	0.4259; ...
	0.4606; ...
	0.4741; ...
	0.3478; ...
	0.3562; ...
	0.4189; ...
	0.4666; ...
	0.4754; ...
	0.4397; ...
	0.4377; ...
	0.3866; ...
	0.3541; ...
	0.287; ...
	0.2387; ...
	0.213; ...
	0.1805; ...
	0.1821; ...
	0.1067; ...
	-0.08; ...
	-0.08; ...
	0.1132; ...
	0.1446; ...
	-0.08; ...
	-0.08; ...
	0.1361; ...
	0.2673; ...
	0.3304; ...
	0.3214; ...
	0.1779; ...
	0.1622; ...
	0.1389; ...
	0.1572; ...
	0.1843; ...
	-0.08; ...
	0.2529; ...
	0.2136 ...
];

P_mec = P_mec';
n_ = n_';
