function [pPvg_d] = pPvgs(filename)

pPvg_d = [ ...
    0.0984; ...
    0.0989; ...
    0.1033; ...
    0.0984; ...
    0.0964; ...
    0.0945; ...
    0.0906; ...
    0.0915; ...
    0.0876; ...
    0.0813; ...
    0.0769; ...
    0.0730; ...
    0.0711; ...
    0.0648; ...
    0.0624; ...
    0.0624; ...
    0.0615; ...
    0.0610; ...
    0.0586; ...
    0.0600; ...
    0.0605; ...
    0.0576; ...
    0.0605; ...
    0.0610; ...
    0.0596; ...
    0.0629; ...
    0.0615; ...
    0.0600; ...
    0.0586; ...
    0.0548; ...
    0.0500; ...
    0.0538; ...
    0.0586; ...
    0.0701; ...
    0.0808; ...
    0.0906; ...
    0.1023; ...
    0.1138; ...
    0.1272; ...
    0.1378; ...
    0.1485; ...
    0.1608; ...
    0.1721; ...
    0.1825; ...
    0.1929; ...
    0.1998; ...
    0.2098; ...
    0.2172; ...
    0.2247; ...
    0.2365; ...
    0.2397; ...
    0.2441; ...
    0.2495; ...
    0.2500; ...
    0.2549; ...
    0.2615; ...
    0.2626; ...
    0.2681; ...
    0.2736; ...
    0.2714; ...
    0.2626; ...
    0.2692; ...
    0.2714; ...
    0.2604; ...
    0.2593; ...
    0.2550; ...
    0.2333; ...
    0.2178; ...
    0.2140; ...
    0.2035; ...
    0.1887; ...
    0.1685; ...
    0.1597; ...
    0.1495; ...
    0.1475; ...
    0.1434; ...
    0.1373; ...
    0.1308; ...
    0.1272; ...
    0.1277; ...
    0.1353; ...
    0.1353; ...
    0.1363; ...
    0.1373; ...
    0.1373; ...
    0.1343; ...
    0.1293; ...
    0.1172; ...
    0.1162; ...
    0.1167; ...
    0.1252; ...
    0.1277; ...
    0.1242; ...
    0.1267; ...
    0.1242; ...
    0.1172 ...
];

pPvg_d = pPvg_d';